5.66	31.86	15.88
6.3	39.9	22.23
5.78	27.67	28.18
7.18	17	27.82
7.31	31.93	7.14
-6.37	-17.08	40.49
-5.96	1.49	36.88
-6.22	11.65	38.51
-9.11	-41.39	44.11
-7.17	-37.06	31.85
-7.7	-28.13	41.36
-7.18	-40.71	37.19
-6.12	-10.38	37.12
4.89	-26.74	32.26
6.31	-44.2	31.2
7.12	-31.3	42.37
6.21	13.81	35.52
4.3	-21.65	40.94
4.46	-9.51	39.07
6.41	19.62	39.06
4.88	.78	37.35
6.41	-40.82	38.78
-6.9	-45.88	16.66
-5.4	-43.76	25.98
5.28	-43.72	18.67
-9.09	-67.68	21.46
-5.04	-77.2	15.79
-9.18	-88.83	21.96
-8.15	-84.77	11.57
-7.68	-80.59	28.38
-3.17	-84.99	17.92
11.85	-82.34	24.06
7.32	-72.23	22.86
10.19	-81.04	14.52
9.06	-75.27	20.04
13.83	-91.72	5.42
12.89	-78.03	32.93
-43.92	8.99	11.08
-48.73	7.6	26.69
-45.32	4.42	17.33
-45.29	9.5	19.48
46.56	11.25	10.06
40.33	5.82	34.79
47.32	9.04	21.52
46.55	6.3	28.36
39.54	11.01	34.3
50.15	10	16.49
-35.77	36.1	-2
-40.47	25.68	-5.56
-33.4	34.59	-4.7
-44.07	20.48	-1.11
-43.14	33.44	.96
-21.99	18.45	-14.16
-30.11	26.59	-8.55
-22.56	-1.86	-12.91
41.51	30.89	-4.75
28.03	29.2	-8.21
34.78	23.11	-8.01
23.08	19.11	-10.95
47.35	33.97	2.22
46.58	22.31	-.2
38.09	37.44	-1.07
-42.57	26.97	23.08
-47.14	17.15	21.27
-45.91	25.1	12.47
-43.81	21.95	7.23
-38.71	34.85	15.99
-43.11	29.58	13.18
-44.35	16.35	11.53
-43.6	21.46	27.94
-46.06	12.69	28.81
-41.07	35.07	7.84
48.33	26.95	9.28
42.8	25.29	27.63
48.01	23.83	16.14
44.04	30.96	17.82
45.46	13.78	25.58
42.97	34.62	9.19
49.19	18.78	10.18
45.5	20.85	20.96
41.94	18.66	30.66
-6.09	35.82	-1.85
-6.83	58.02	4.39
-4.53	50.15	-.3
6.55	34	-1
7.65	57.42	2.92
5.15	46.23	1.26
-34.43	44.86	20.83
-32.04	33.39	31.15
-38.31	9.53	43.21
-32.24	19.41	45.18
-29.24	43.04	25.93
-25.16	8.3	54.05
-34.53	.88	50.01
-42.86	11.33	38.09
-35.08	27.13	37.28
-38.04	17.5	41.62
-40.14	27.81	29.9
-37.72	44.44	11.72
-25.27	20.95	49.03
-27.74	-3.32	54.92
-23.48	40.04	33.46
-28.34	32.49	38.14
-29.01	49.67	15.84
-37.95	36.49	24.66
-31	10.01	50.77
-24.01	49.78	-1.77
-38.59	45.7	3.18
-23.33	35.83	-7.74
-31.72	49.68	-.97
21.92	52.47	-2.59
36.68	45.73	-1.38
24.87	40.15	-6.71
34.96	50	4.16
33.33	13.35	47.96
24.95	46.57	27.98
33.21	28.87	39.53
26.23	20.38	46.24
38.9	1.15	47.42
40.35	39.17	19.13
34.04	45.22	21.29
37.24	33.35	30.65
30.78	49.68	12.39
24.17	38.65	35.04
39.47	31.25	25.47
27.4	6.88	54.41
34.44	-5.97	50.28
40.35	42.55	12.66
31.77	40.58	31.15
33.58	1.53	52.47
34.26	-8.41	56.55
40.01	22.27	37.49
25.86	29.81	41
39.27	13.51	42.87
-17.88	25.81	49.55
-24.65	-13.11	60.66
-20.38	47.84	30.58
-22.3	54.24	11.7
-22.03	32.39	40.76
-17.47	-15.66	69.93
-21.73	-4.43	59.99
-15.03	17.13	53.26
-14.49	43.09	36.81
-16.03	-2.1	60.69
-14.95	34.43	44.7
-19.12	9.67	56.87
-19.35	55.1	18.7
-16.63	53.44	25.76
24.24	-.79	-12.33
-5.2	44.06	42.84
-6.37	53.51	26.03
-7.5	24.36	56.05
-3.94	20.2	53.87
-5.77	43.56	26.03
-6.69	19.59	42.34
-8.91	58.32	14.44
-6.58	35.29	50.77
-7.56	52.58	33.86
-5.69	51.08	15.69
-3.03	39.05	35.95
-4.81	29.22	39.5
8.26	59.24	15.9
7.77	47.27	11.73
5.28	39.68	42.92
8.34	45.16	41.57
5.52	50.35	23.32
8.54	56.3	28.5
5.35	20	49.97
7.66	24.98	57.79
5.39	30.55	43.9
-13.43	51.1	-4.26
-14.36	24.33	-12.68
-16.99	42.08	-6.32
-20.26	56.12	3.5
20.56	56.34	5.45
15.64	24.19	-12.38
13.06	52.86	-4.53
14.91	39.36	-9.77
20.07	55.92	12.41
17.98	55.93	20.7
20.42	17.29	52.22
25.44	50.03	20.61
14.35	21.76	52.95
15.23	51.82	27.09
17.28	8.09	55.98
15.7	-16.11	66.17
22.58	-2.97	58.75
15.37	42.25	37.8
19.9	30.22	41.2
14.13	33.69	42.76
17.32	45.49	31.76
16.77	29.72	48.28
15.59	-3.74	61
25.26	-13.28	62.04
-25.79	-72.04	-14.31
-28.1	-53.21	-14.29
-24.84	-39.22	-13.1
-37.53	-48.38	-17.05
-26.38	-7.32	-30.26
-28.21	-25.19	-21.81
-26.46	.91	-30.94
-34.68	-28.93	-19.66
-35.67	-63.47	-15.29
26.12	-60.27	-10.14
28.86	-42.68	-10.15
29.63	-7.59	-30.43
24.77	-49.62	-14.63
32.05	-30.23	-19.57
24.88	-73.24	-11.59
35.72	-19.47	-20.76
28.94	2	-30.59
36.63	-58.21	-16.47
36.74	-39.86	-17.5
-40.36	-20.98	9.42
41.29	-19.68	11.26
-19	-32.89	.32
-28.56	-30.55	-5.2
-19.95	-10.28	-14.15
-28.94	-14.13	-12.5
-36.93	-64.89	36.12
-45.47	-61.33	20.55
-41.24	-63.55	32.52
-47.35	-56.32	26.32
-42.97	-66.09	25.78
19.53	-31.3	.29
29.95	-12.7	-11.06
23.8	-11.41	-13.49
29.26	-30.08	-4.31
-38.4	-6.52	3.93
-33.9	-20.01	11.04
-30.15	19.98	6.91
-30.66	11.44	13.24
-33.86	12.16	-.86
-34.58	-6.67	14.94
-35.18	6.61	-5.03
33.46	20.28	6.94
30.17	15.01	-6.39
36.33	10.32	6.12
36.81	4.55	6.25
38.65	-7	1.05
35.8	-6.46	13.66
32.3	-20.21	14.61
-7.73	-74.49	-6.42
-15.7	-82.43	-17.28
-19.58	-65.19	-4.76
-19.87	-84.62	-16.14
-6.9	-65.52	-.29
-13	-47.84	-2.8
-17.58	-60.53	-10.07
-19.77	-42.57	-4.69
15.16	-47.74	-.34
8.43	-64.42	.11
13.84	-73.13	-11.11
19.5	-77.83	-10.9
21.4	-88.76	-16.08
8.92	-63.54	-7.5
8.47	-45.46	-.96
17.93	-45.83	-6.1
12.49	-77.14	-5.77
-44.25	-63.05	-14.34
-22.44	-87.75	-12.33
-40.62	-69.82	-8.53
-33.94	-76.9	-11.6
39.94	-68.33	-12.74
25.66	-89.66	-9.23
31.17	-82.29	-13.02
37.02	-77	-7.79
-23.55	-90.15	2.64
-25.4	-85.91	10.07
-32.56	-83.08	1.92
-37.16	-78.66	5.54
-41.24	-70.49	-2.11
-40.76	-71.49	10.4
-16.8	-95.71	-2.06
-21.11	-88.99	-6.57
-26.86	-77.26	24.85
-36.11	-72.27	22.5
-31.44	-72.92	28.28
-33.51	-79.65	14.89
-31.83	-81.56	-5.07
34.21	-79.03	15.07
26.61	-87.83	5.72
38.78	-74.4	1.23
36.36	-77.34	8.34
27.72	-81.09	19.68
30.47	-86.9	-1.2
31.48	-76.29	28.44
38.53	-70.94	22.25
-13.36	-91.38	3.71
-15.28	-84.83	14.8
-16.7	-82.05	24.27
-17.57	-78.91	33.1
-22.3	-83.31	21.9
40.6	-61	38.48
38.14	-68.02	31.9
42.92	-63.72	28.14
30.38	-69.05	38.72
45.65	-57.91	23.28
34.1	-64.62	41.06
48.4	-53.05	28.43
18.58	-81.33	17.24
15.74	-83.45	22.36
20.33	-81.68	29.06
24.36	-74.75	35.87
20.6	-87.3	7.19
22.33	-81.28	20.21
-8.49	12.29	-6.13
8.53	12.94	-5.67
-17.73	-2.85	2.77
18.35	-2.76	3.35
-19.26	-1.28	-19.89
-18.82	-5.41	-23.51
-19.69	-31.15	-10.37
-25.17	-26.96	-14.82
26.57	-34.1	-8.17
18.24	-26.69	-11.65
22.86	1.89	-23.63
17.86	-2.1	-17.18
26.72	-17.4	-19.86
-11.99	-26.76	69.68
-8.58	-25.95	58.32
-6.99	-33.03	59.38
-10.54	-37.79	69.43
-8.01	-39.83	57.19
5.92	-38.44	53.04
4.31	-32.85	68.45
3.3	-43.75	64.82
-46.96	-40.8	41.16
-36.12	-58.05	45.56
-48.57	-30.93	38.33
-39.77	-47.59	46.07
-42.91	-53.4	40.57
-43.92	-51.82	34.24
-47.45	-42.8	35.12
-30.01	-65.92	36.54
-9.13	-80.95	.78
-5.05	-83.41	-11.18
-3.12	-82.59	-3.69
-8.09	-69.02	10.3
-11.49	-57.94	6.48
-6.1	-92.11	-11.71
-8.48	-95.15	-6.12
-.37	-83.37	4.92
-12.3	-74.72	7.17
44.15	-44.35	43.58
40.65	-43.31	48.51
35.23	-56.12	46.24
42.26	-54.01	41.79
45.54	-53.27	36.54
-27.47	-58.16	57.04
-24.78	-66.27	48.72
-19.7	-62.43	53.67
-17.09	-73.44	43
-21.39	-72.84	37.92
-30.56	-51.07	56.35
-19.46	-53.43	61.4
-30.2	-63.78	45.7
25.01	-70.85	45.07
15.37	-74.5	42.98
20.09	-61.8	59.27
37.14	-50.6	53.79
12.32	-63.22	59.78
15.4	-72.09	49.99
17.43	-53.97	61.36
29.77	-58	55.13
26.23	-65.67	52.41
-20.95	-44.66	66.8
-53.46	-6.72	19.02
-42.58	-36.43	46.64
-40.6	-32.97	52.16
-47.79	-23.09	41.31
-43.97	-17.64	43.84
-41.05	-26.43	48.22
-48.29	-13.76	35.4
-57.46	-19.46	19.96
-35.45	-42.23	52.72
-54.37	-12.07	27.27
-53.38	-20.96	30.45
-21.45	-38.83	61.65
-53.21	-15.23	20.23
-29.53	-36.5	58.94
-26.49	-44.89	57.45
17.84	-46.56	65.31
50.67	-21.6	38.05
58.94	-14.44	21.91
49.41	-18.95	33.08
25.93	-39.02	60.98
40.73	-32	50.19
10.99	-50.86	64.47
20.08	-39.49	57.51
10.57	-42.14	66.71
25.34	-48.65	57.38
57.38	-7.05	23.97
47.67	-12.68	34.14
46.26	-25.87	46.2
32.2	-41.23	56.97
34.91	-37.39	51.21
-47	-3.96	39.31
-41.14	.45	41.82
-49.3	-6.33	31.67
-45.98	2.25	32.82
-33.49	-9.13	51.36
-21.37	-21.35	66.33
-40.09	-12.67	45.65
-34.54	-25.07	54.74
-50.39	-1.07	24
-35.82	-18.96	51.87
-39.75	-5.67	46.84
-30.94	-30.51	58.27
-24.5	-27.86	64
-29.91	-15.92	56.88
53.81	.16	25.03
32.38	-17.56	55.3
20.46	-26.17	71.82
45.89	-12.53	40.85
32.22	-28.81	55.93
44.86	1.38	41.46
22.54	-31.62	62.34
43.71	-5.87	44.51
35.48	-17.44	52.73
40.44	-18.19	46.59
47.35	-.67	33.48
15.44	-33.07	67.45
26.11	-23.22	61.94
14.27	-26.97	66.16
-6.01	-54.13	52.83
-11.83	-58.75	61.74
-7.06	-58.23	26.96
-7.95	-63.14	23.26
-7.21	-54.65	58.08
-11.22	-71.54	45.82
-11.21	-50.36	9.52
-5.25	-69.48	34.91
-8.42	-75.58	36.84
-5.82	-63.77	43.47
-8.06	-48.9	48.14
-11.45	-64.98	53.88
-11.67	-50.19	65.5
-8.35	-52.08	36.22
3.48	-52.02	52.55
5.36	-60.39	59.82
5.93	-52.51	61.11
8.34	-69.39	31.46
11.92	-60.96	20.65
5.18	-65.84	52.22
6.89	-61.91	35.36
7.76	-55.71	23.93
5.38	-72.28	40.64
4.88	-55.91	40.02
6.9	-48.39	41.19
7.75	-72.6	46.84
11.19	-47.58	9.99
-23.37	2.1	11.32
-25.3	.63	-.13
-18.51	10.55	2.21
-26.83	-11.91	6.25
13.42	-55.87	9.77
15.18	-91.73	-4.83
9.01	-82	5.92
11.12	-70.13	8.12
13.86	-76.3	.82
16.74	-61.51	7.57
27.74	-11.44	4.66
27.3	.29	9.56
20.37	11.84	1.96
22.6	2.88	6.99
-4.76	45.62	-7.64
-5.09	37.01	-11.91
-7.01	20.53	-11.2
8.21	22.69	-12.47
6.08	29.4	-9.26
5.5	47.26	-8.04
-43.33	-15.84	13.31
-46.03	-17.54	14.89
-46.12	-2.05	15.13
-44.87	-2.85	10.5
47.98	-13.99	18.79
52	-16.02	16.14
44.91	-9.39	14.6
44.01	-7.96	18.53
46.61	1.45	10.1
-6.96	-8.02	49.34
-4.06	4.61	54.44
-8.24	3.99	64.55
-6.95	12.34	61.21
-5.76	9.98	48.23
-9.27	-14.69	66.98
-6.76	-20.81	52.72
-5.24	-9.21	59.85
-9.55	-5.58	66.33
5.17	-21.34	66.48
5.77	6.93	50.07
10.03	5.76	63.36
5.27	3.85	62.39
3.87	1.76	57.93
3.9	-17.59	57.57
5.77	-8.64	50.49
6.89	-9.01	66.91
6.29	-26.56	51.25
-51.59	-47.23	26.82
-55.39	-27.84	20.76
-53.06	-43.93	22.2
-53.01	-28.36	31.56
-53.93	-36.04	29.44
53.64	-40.58	25.57
55.71	-26.89	23.31
55.26	-23.42	29.07
48.78	-31.52	37.1
50.94	-46.47	28.99
50.27	-42.96	37.5
52.4	-34.8	29.21
46.26	-36.1	40.62
-42.49	2.15	-30.76
-51.31	-56.1	-11.21
-53.35	-46.33	-14.51
-54.52	-38.1	-16.77
-36.33	-5.34	-30.66
-40.62	-23.8	-20.14
-44.28	-13.17	-24.97
-50.7	-8.47	-24.63
-53.69	-31.98	-20.25
-48.07	-50.05	-18.69
-39.81	6.36	-28.87
-42.81	-35.58	-19.65
-52.67	-20.41	-20.54
-13.76	13.46	14.53
-7.78	12.12	1.22
-15.18	-7.56	21.53
-11.47	7.04	11.54
54.3	-18.19	-19.87
44.52	-15.22	-22.92
47.72	-1.37	-28.18
45.96	-60.37	-12.89
34.41	6.08	-32.29
57.82	-26.89	-16.31
45.81	5.48	-31.35
49.57	-55.3	-7.56
46.87	-40.57	-20.56
55.03	-40.73	-11.62
49.97	-46.8	-14.32
53.08	-7.47	-23.92
51.56	-34.63	-18.87
38.9	-2.9	-31.53
-57.34	-25.71	-8.36
-57.41	-40.67	-1.35
-45.05	-56.61	14.35
-51.45	-5.21	-11.12
-49.67	-2.02	-20.79
-55.65	-17.38	-8.42
-54.46	-43.44	5.12
-54.18	-44.45	-7.32
-45.82	-63.19	1.54
-56.14	-16.87	-1.64
-58.65	-29.55	2.89
-50.86	-50.58	12.66
-58.2	-32.83	-2.93
-47.51	-57.84	8.06
-51.43	-55.08	-2.66
-57.13	-35.17	-10.95
-55.71	-14.66	-15.14
-42.54	-65.26	12.7
-48.48	2.28	-18.33
-50.27	-53.04	3.97
56.85	-34.29	-1.07
53.75	-38.93	5.35
52.45	.64	-14.01
46.01	-60.05	15.84
49.54	-50.51	13.04
58.39	-23.96	-4.5
42.72	-66.9	13.59
51.1	-52.79	1.44
56.63	-13.81	-7.76
50.84	-46.07	5.65
55.49	-37.67	-6.67
57.37	-13.76	-13.64
48.57	-57.76	8.55
46.94	-60.36	.66
53.64	-44.95	-2.82
57.18	-27.16	-7.49
51.87	-3.09	-17.81
42.65	-67.43	3.13
-45.11	12.95	-23.48
-34.99	17.41	-27.03
-23.97	11.44	-29.96
47.43	12.58	-21.75
41.52	14.52	-27.31
26.13	12.94	-29.13
52.87	8.87	-13.79
34.79	17.49	-26.78
-31.84	17.76	-19.57
-48.65	7.03	-7.3
-44.95	11.89	-9.02
-23.83	11.53	-21.25
-40.26	18.49	-15.18
40.06	17.58	-14.81
30.14	14.45	-19.38
50.57	10.85	-9.14
48.3	11.92	-4.4
53.46	3.81	.32
-49.41	-23.3	10.29
-50.29	-4.27	-.86
-52.95	-27.91	8.08
-51.13	-44.22	13.89
-50.22	-18.84	4.52
-52.37	-37.37	17
-47.19	-1.96	-5.97
-49.38	-11.61	1.59
-52.96	-34.21	11.65
53.43	-8.02	5.62
49.75	-47.46	16.95
54.11	-36.48	13.71
54.2	-33.27	9.01
51.59	-28.46	13.76
52.7	-5.41	-0.03
52.62	-38.88	18.69
52.34	-21.48	11.36
51.15	-18.42	5.37
53.46	-16.47	.34
51.44	-6.18	-4.93
52.15	-25.95	3.76
-15.43	-26.28	9.17
-7.82	-23.37	5.95
-14.75	-16.96	9.46
-7.84	-12.47	8
14.11	-6.6	21.77
14.49	9.17	16.64
13.07	17.41	5.55
7.55	9.23	6.51
9.08	-21.69	13.15
7.14	-13.27	6.51
14.76	-17.39	8.92
11.49	-27.4	5.89
-4.21	34.56	16.64
-4.96	28.51	28.16
-3.99	22.13	24.13
-5.87	10.11	30.12
-6.68	31.04	2.52
-5.15	41.34	10.87

